1779513543213 0.5321490168571472 0
1779513543217 0.5079751014709473 1
1779513543220 0.5022752285003662 2
1779513543224 0.4983079135417938 3
1779513543227 0.4957508146762848 4
1779513543229 0.49392396211624146 5
1779513543231 0.492205411195755 6
1779513543236 0.4908381700515747 7
1779513543239 0.4903625249862671 8
1779513543241 0.4882764220237732 9
1779513543245 0.48796728253364563 10
1779513543247 0.4862307906150818 11
1779513543250 0.4858803153038025 12
1779513543253 0.4841438829898834 13
1779513543257 0.4837009906768799 14
1779513543259 0.48210203647613525 15
1779513543262 0.4816548228263855 16
1779513543265 0.4809846878051758 17
1779513543270 0.48054903745651245 18
