1779513581475 0.5435677766799927 0
1779513581478 0.5207259058952332 1
1779513581482 0.5157843232154846 2
1779513581486 0.5126002430915833 3
1779513581489 0.5103857517242432 4
1779513581493 0.5086573362350464 5
1779513581496 0.5069612860679626 6
1779513581501 0.5051702857017517 7
1779513581503 0.5035855174064636 8
1779513581507 0.5028384327888489 9
1779513581511 0.5018460154533386 10
1779513581520 0.500679612159729 11
1779513581534 0.49858683347702026 12
1779513581542 0.49782273173332214 13
1779513581552 0.4971593916416168 14
1779513581557 0.4954557418823242 15
1779513581563 0.4952485263347626 16
1779513581568 0.4942721128463745 17
1779513581574 0.4935608208179474 18
1779513581578 0.492333322763443 19
1779513581584 0.4911401569843292 20
