1779513672176 0.5350087285041809 0
1779513672180 0.5036962032318115 1
1779513672184 0.49907588958740234 2
1779513672186 0.49657729268074036 3
1779513672189 0.4946306049823761 4
1779513672191 0.4929463863372803 5
1779513672195 0.4913986921310425 6
1779513672198 0.49021145701408386 7
1779513672202 0.48912376165390015 8
1779513672204 0.4882475435733795 9
1779513672207 0.48749834299087524 10
1779513672210 0.4857651889324188 11
1779513672214 0.48429757356643677 12
1779513672216 0.4833703339099884 13
1779513672219 0.4827691614627838 14
1779513672222 0.48126307129859924 15
1779513672225 0.4803761839866638 16
1779513672229 0.4792136251926422 17
1779513672231 0.4788126051425934 18
