1779513510588 0.5343459248542786 0
1779513510591 0.5095653533935547 1
1779513510594 0.5045799612998962 2
1779513510597 0.5011706948280334 3
1779513510599 0.49860525131225586 4
1779513510603 0.4971177279949188 5
1779513510605 0.49507081508636475 6
1779513510610 0.49270641803741455 7
1779513510614 0.4913015067577362 8
1779513510616 0.4897107183933258 9
1779513510620 0.48914825916290283 10
1779513510624 0.4862801432609558 11
1779513510627 0.48634257912635803 12
1779513510630 0.4844529926776886 13
1779513510633 0.48329052329063416 14
1779513510635 0.4824411869049072 15
1779513510640 0.4825513958930969 16
1779513510646 0.4809938967227936 17
1779513510648 0.48066091537475586 18
1779513510651 0.47833818197250366 19
1779513510656 0.47755417227745056 20
1779513510660 0.4773084223270416 21
1779513510663 0.4767708480358124 22
1779513510665 0.47613951563835144 23
1779513510668 0.4743669629096985 24
