1779513635295 0.5232056379318237 0
1779513635301 0.502875566482544 1
1779513635306 0.4984179735183716 2
1779513635313 0.49554651975631714 3
1779513635320 0.4938615560531616 4
1779513635325 0.4919413924217224 5
1779513635332 0.49013394117355347 6
1779513635337 0.48858511447906494 7
1779513635343 0.48710471391677856 8
1779513635349 0.4857982099056244 9
1779513635354 0.48461881279945374 10
1779513635359 0.4841289222240448 11
1779513635367 0.4828868508338928 12
1779513635373 0.48125866055488586 13
1779513635379 0.48078134655952454 14
1779513635385 0.4807451069355011 15
1779513635392 0.4789336621761322 16
1779513635398 0.47842711210250854 17
